[{"query_bbox": [198.634552, 180.626114, 291.180603, 275.19455], "query_score": 0.897, "gallery_image_id": [10, 10, 5, 3, 8, 4, 7, 3, 3, 4, 5, 8, 6, 3, 10, 6, 3, 6, 6, 6], "gallery_bbox": [[253.430084, 316.455139, 419.842316, 519.260437], [241.515121, 319.926819, 430.952087, 556.640564], [267.368347, 151.052307, 395.232727, 309.833435], [251.453339, 250.114471, 399.623383, 423.642426], [201.986847, 316.254425, 428.979279, 566.927612], [252.135651, 316.399597, 425.076569, 536.846619], [361.708557, 363.607391, 558.333862, 616.097107], [260.85434, 251.317932, 385.987946, 434.396851], [252.963226, 254.100449, 397.235077, 478.138306], [239.242676, 312.614502, 420.781372, 538.544495], [274.992676, 159.464539, 380.172913, 290.916748], [199.982529, 318.357544, 430.765564, 568.509277], [257.452942, 229.934845, 388.355042, 379.279816], [245.720734, 254.085114, 397.842865, 654.925171], [248.255096, 319.252197, 428.421173, 518.655762], [249.999054, 225.573334, 394.277679, 377.851105], [254.988312, 251.246063, 394.369904, 420.834198], [252.539246, 229.653656, 390.245056, 588.146362], [248.533752, 233.474548, 395.112488, 436.502808], [260.308655, 231.408417, 384.074036, 395.256805]], "query_image_id": 1}, {"query_bbox": [197.351913, 176.390732, 290.263, 280.427795], "query_score": 0.001, "gallery_image_id": [5, 10, 10, 3, 8, 3, 3, 5, 8, 7, 4, 6, 4, 6, 6, 6, 6, 3, 3, 10], "gallery_bbox": [[267.368347, 151.052307, 395.232727, 309.833435], [253.430084, 316.455139, 419.842316, 519.260437], [241.515121, 319.926819, 430.952087, 556.640564], [251.453339, 250.114471, 399.623383, 423.642426], [201.986847, 316.254425, 428.979279, 566.927612], [260.85434, 251.317932, 385.987946, 434.396851], [252.963226, 254.100449, 397.235077, 478.138306], [274.992676, 159.464539, 380.172913, 290.916748], [199.982529, 318.357544, 430.765564, 568.509277], [361.708557, 363.607391, 558.333862, 616.097107], [252.135651, 316.399597, 425.076569, 536.846619], [257.452942, 229.934845, 388.355042, 379.279816], [239.242676, 312.614502, 420.781372, 538.544495], [249.999054, 225.573334, 394.277679, 377.851105], [248.533752, 233.474548, 395.112488, 436.502808], [260.308655, 231.408417, 384.074036, 395.256805], [252.539246, 229.653656, 390.245056, 588.146362], [245.720734, 254.085114, 397.842865, 654.925171], [254.988312, 251.246063, 394.369904, 420.834198], [248.255096, 319.252197, 428.421173, 518.655762]], "query_image_id": 1}, {"query_bbox": [200.018356, 180.186676, 289.887878, 274.12204], "query_score": 0.167, "gallery_image_id": [3, 8, 10, 10, 4, 3, 4, 8, 5, 4, 3, 3, 4, 7, 7, 10, 5, 6, 7, 10], "gallery_bbox": [[251.453339, 250.114471, 399.623383, 423.642426], [201.986847, 316.254425, 428.979279, 566.927612], [253.430084, 316.455139, 419.842316, 519.260437], [241.515121, 319.926819, 430.952087, 556.640564], [239.242676, 312.614502, 420.781372, 538.544495], [254.988312, 251.246063, 394.369904, 420.834198], [252.135651, 316.399597, 425.076569, 536.846619], [199.982529, 318.357544, 430.765564, 568.509277], [267.368347, 151.052307, 395.232727, 309.833435], [245.562164, 315.325043, 421.73233, 532.110718], [260.85434, 251.317932, 385.987946, 434.396851], [252.963226, 254.100449, 397.235077, 478.138306], [244.920349, 311.554077, 428.374207, 545.542908], [350.560852, 364.196289, 571.086182, 607.832214], [361.708557, 363.607391, 558.333862, 616.097107], [249.47934, 320.962372, 423.756195, 519.694519], [271.374817, 154.344666, 388.6026, 288.359894], [249.999054, 225.573334, 394.277679, 377.851105], [354.603668, 363.314575, 567.329163, 608.931885], [248.255096, 319.252197, 428.421173, 518.655762]], "query_image_id": 1}, {"query_bbox": [202.287628, 179.584244, 286.978668, 269.831482], "query_score": 0.004, "gallery_image_id": [8, 3, 10, 10, 3, 3, 8, 5, 5, 7, 4, 3, 10, 4, 4, 4, 7, 6, 7, 6], "gallery_bbox": [[201.986847, 316.254425, 428.979279, 566.927612], [251.453339, 250.114471, 399.623383, 423.642426], [253.430084, 316.455139, 419.842316, 519.260437], [241.515121, 319.926819, 430.952087, 556.640564], [252.963226, 254.100449, 397.235077, 478.138306], [260.85434, 251.317932, 385.987946, 434.396851], [199.982529, 318.357544, 430.765564, 568.509277], [271.374817, 154.344666, 388.6026, 288.359894], [267.368347, 151.052307, 395.232727, 309.833435], [354.603668, 363.314575, 567.329163, 608.931885], [245.562164, 315.325043, 421.73233, 532.110718], [254.988312, 251.246063, 394.369904, 420.834198], [249.47934, 320.962372, 423.756195, 519.694519], [239.242676, 312.614502, 420.781372, 538.544495], [252.135651, 316.399597, 425.076569, 536.846619], [244.920349, 311.554077, 428.374207, 545.542908], [350.560852, 364.196289, 571.086182, 607.832214], [257.452942, 229.934845, 388.355042, 379.279816], [361.708557, 363.607391, 558.333862, 616.097107], [249.999054, 225.573334, 394.277679, 377.851105]], "query_image_id": 1}, {"query_bbox": [203.756958, 261.038574, 285.200989, 407.698059], "query_score": 0.0, "gallery_image_id": [6, 6, 4, 3, 3, 8, 7, 5, 9, 7, 7, 9, 10, 10, 8, 9, 10, 10, 4, 9], "gallery_bbox": [[259.317871, 350.142853, 382.502075, 596.655701], [260.441132, 344.992554, 380.969452, 596.886292], [285.953644, 479.480286, 467.112946, 800.196594], [251.717224, 383.323303, 378.708069, 665.271179], [250.718048, 388.094116, 380.099396, 663.909058], [225.543045, 507.661377, 402.984009, 903.786133], [365.512024, 436.299927, 567.161255, 1018.775635], [263.838165, 264.720917, 369.715057, 458.961884], [244.850479, 335.855164, 391.164917, 811.014832], [350.209625, 367.470001, 583.62854, 1021.754761], [364.053009, 569.988586, 564.906128, 1025.119629], [246.848083, 297.568787, 404.365784, 805.899353], [256.9841, 303.893951, 412.936432, 847.417847], [252.819824, 321.364929, 418.980652, 849.752502], [225.180298, 538.485046, 400.678406, 908.469666], [248.950012, 454.299866, 390.322327, 813.717224], [262.120483, 492.941071, 407.280884, 830.223999], [265.876984, 497.955994, 405.616913, 855.778381], [255.037598, 309.625275, 464.044983, 794.021729], [247.991226, 451.310913, 391.466492, 810.048706]], "query_image_id": 1}]